[38;2;0;0;0m [38;2;0;0;0m [38;2;0;0;0m [38;2;0;0;0m [38;2;0;0;0m [38;2;0;0;0m [38;2;0;0;0m [38;2;0;0;0m [38;2;0;0;0m [38;2;0;0;0m [38;2;0;0;0m [38;2;0;0;0m [38;2;0;0;0m [38;2;0;0;0m [38;2;0;0;0m [38;2;0;0;0m [38;2;0;0;1m [38;2;1;1;1m [38;2;1;1;1m [38;2;0;0;0m [38;2;0;0;0m [38;2;0;0;0m [38;2;0;0;0m [38;2;0;0;0m [38;2;0;0;0m [38;2;3;2;0m [38;2;2;3;2m [38;2;34;35;37m.[38;2;15;14;16m [38;2;0;0;0m [38;2;6;4;4m [38;2;18;17;16m [38;2;11;10;9m [38;2;7;7;7m [38;2;0;0;2m [38;2;0;0;2m [38;2;0;0;2m [38;2;0;0;2m [38;2;0;0;2m [38;2;0;0;2m [38;2;0;0;2m [38;2;0;0;2m [38;2;1;1;1m [38;2;0;0;0m [38;2;0;0;0m [38;2;0;0;0m [38;2;0;0;0m [38;2;0;0;0m [38;2;0;0;0m [38;2;0;0;0m [38;2;0;0;0m [38;2;0;0;0m [38;2;0;0;0m [38;2;0;0;0m [38;2;0;0;0m [38;2;0;0;0m [38;2;0;0;0m [38;2;0;0;0m [38;2;0;0;0m [38;2;0;0;0m [38;2;0;0;0m [38;2;0;0;0m [38;2;0;0;0m 
[38;2;0;0;0m [38;2;0;0;0m [38;2;0;0;0m [38;2;0;0;0m [38;2;0;0;0m [38;2;0;0;0m [38;2;0;0;0m [38;2;0;0;0m [38;2;0;0;0m [38;2;0;0;0m [38;2;0;0;0m [38;2;0;0;0m [38;2;0;0;0m [38;2;0;0;0m [38;2;1;1;1m [38;2;1;1;1m [38;2;0;0;0m [38;2;0;0;0m [38;2;0;0;0m [38;2;10;11;9m [38;2;20;20;21m [38;2;42;42;47m-[38;2;69;70;79m=[38;2;86;90;102m+[38;2;104;108;123m*[38;2;131;136;155m#[38;2;142;150;171m$[38;2;78;80;90m+[38;2;39;42;49m-[38;2;59;65;75m=[38;2;76;85;98m+[38;2;78;86;99m+[38;2;45;48;55m-[38;2;17;17;17m [38;2;39;37;29m.[38;2;38;36;26m.[38;2;38;35;26m.[38;2;38;36;26m.[38;2;38;36;26m.[38;2;38;35;26m.[38;2;39;36;27m.[38;2;35;32;25m.[38;2;36;36;36m.[38;2;33;33;33m.[38;2;0;0;0m [38;2;1;1;1m [38;2;0;0;0m [38;2;0;0;0m [38;2;0;0;0m [38;2;0;0;0m [38;2;0;0;0m [38;2;0;0;0m [38;2;0;0;0m [38;2;0;0;0m [38;2;0;0;0m [38;2;0;0;0m [38;2;0;0;0m [38;2;0;0;0m [38;2;0;0;0m [38;2;0;0;0m [38;2;0;0;0m [38;2;0;0;0m [38;2;0;0;0m 
[38;2;0;0;0m [38;2;0;0;0m [38;2;0;0;0m [38;2;0;0;0m [38;2;0;0;0m [38;2;0;0;0m [38;2;0;0;0m [38;2;0;0;0m [38;2;0;0;0m [38;2;0;0;0m [38;2;1;1;1m [38;2;0;0;0m [38;2;0;0;1m [38;2;1;1;1m [38;2;0;0;0m [38;2;1;0;0m [38;2;24;25;26m.[38;2;54;56;61m-[38;2;91;95;108m*[38;2;129;134;154m#[38;2;156;163;187m$[38;2;173;182;209m&[38;2;182;192;220mX[38;2;183;191;221mX[38;2;196;205;235m@[38;2;169;178;204m&[38;2;48;49;57m-[38;2;53;59;69m=[38;2;101;112;131mx[38;2;107;119;138mx[38;2;100;113;132mx[38;2;109;121;140mx[38;2;92;103;121m*[38;2;11;8;1m [38;2;207;165;26m&[38;2;232;178;27mX[38;2;227;174;26mX[38;2;228;175;26mX[38;2;228;175;26mX[38;2;226;173;26mX[38;2;233;186;28mX[38;2;183;145;20m$[38;2;22;21;25m.[38;2;61;61;61m-[38;2;0;0;0m [38;2;2;2;2m [38;2;0;0;0m [38;2;0;0;0m [38;2;0;0;0m [38;2;0;0;0m [38;2;0;0;0m [38;2;0;0;0m [38;2;0;0;0m [38;2;0;0;0m [38;2;0;0;0m [38;2;0;0;0m [38;2;0;0;0m [38;2;0;0;0m [38;2;0;0;0m [38;2;0;0;0m [38;2;0;0;0m [38;2;0;0;0m [38;2;0;0;0m 
[38;2;0;0;0m [38;2;0;0;0m [38;2;0;0;0m [38;2;0;0;0m [38;2;0;0;0m [38;2;0;0;0m [38;2;0;0;0m [38;2;0;0;0m [38;2;0;0;0m [38;2;0;0;0m [38;2;0;0;0m [38;2;1;1;1m [38;2;1;0;0m [38;2;13;14;13m [38;2;50;52;59m-[38;2;106;110;126m*[38;2;152;160;183m$[38;2;177;186;213mX[38;2;186;194;223mX[38;2;183;191;221mX[38;2;179;188;216mX[38;2;176;184;211m&[38;2;171;179;205m&[38;2;178;187;215mX[38;2;156;163;187m$[38;2;15;15;17m [38;2;64;71;83m=[38;2;111;123;143mx[38;2;99;110;127m*[38;2;95;106;123m*[38;2;104;116;135mx[38;2;100;113;132mx[38;2;67;77;92m+[38;2;14;11;4m [38;2;231;178;31mX[38;2;255;196;31m@[38;2;251;193;31m@[38;2;252;193;30m@[38;2;252;193;30m@[38;2;250;192;31m@[38;2;255;203;32m@[38;2;204;162;24m&[38;2;22;21;25m.[38;2;56;56;56m-[38;2;1;1;1m [38;2;3;3;3m [38;2;1;1;1m [38;2;1;1;1m [38;2;1;1;1m [38;2;1;1;1m [38;2;1;1;1m [38;2;1;1;1m [38;2;0;0;0m [38;2;0;0;0m [38;2;0;0;0m [38;2;0;0;0m [38;2;0;0;0m [38;2;0;0;0m [38;2;0;0;0m [38;2;0;0;0m [38;2;0;0;0m [38;2;0;0;0m [38;2;0;0;0m 
[38;2;0;0;0m [38;2;0;0;0m [38;2;0;0;0m [38;2;0;0;0m [38;2;0;0;0m [38;2;0;0;0m [38;2;0;0;0m [38;2;0;0;0m [38;2;1;0;2m [38;2;10;10;10m [38;2;16;15;12m [38;2;16;17;19m [38;2;81;84;95m+[38;2;142;150;172m$[38;2;179;188;216mX[38;2;187;194;224mX[38;2;179;188;216mX[38;2;175;183;209m&[38;2;172;180;207m&[38;2;172;181;207m&[38;2;173;182;209m&[38;2;173;182;209m&[38;2;176;184;211m&[38;2;177;185;213mX[38;2;25;25;28m.[38;2;59;67;78m=[38;2;113;125;145mx[38;2;95;106;124m*[38;2;97;109;126m*[38;2;109;121;140mx[38;2;66;74;88m+[38;2;54;58;63m-[38;2;65;69;74m=[38;2;14;12;5m [38;2;232;186;32mX[38;2;255;203;32m@[38;2;252;194;31m@[38;2;253;194;31m@[38;2;253;194;31m@[38;2;251;193;32m@[38;2;255;204;32m@[38;2;203;162;24m&[38;2;23;23;26m.[38;2;60;57;56m-[38;2;0;0;0m [38;2;1;0;0m [38;2;0;0;0m [38;2;0;0;0m [38;2;0;0;0m [38;2;0;0;0m [38;2;0;0;0m [38;2;0;0;0m [38;2;0;0;0m [38;2;0;0;0m [38;2;0;0;0m [38;2;0;0;0m [38;2;0;0;0m [38;2;0;0;0m [38;2;0;0;0m [38;2;0;0;0m [38;2;0;0;0m [38;2;0;0;0m [38;2;0;0;0m 
[38;2;0;0;0m [38;2;0;0;0m [38;2;0;0;0m [38;2;0;0;0m [38;2;0;0;0m [38;2;0;0;0m [38;2;0;0;0m [38;2;6;6;6m [38;2;1;0;0m [38;2;26;26;26m.[38;2;88;91;103m+[38;2;156;163;187m$[38;2;186;195;224mX[38;2;182;191;219mX[38;2;173;182;209m&[38;2;172;180;207m&[38;2;173;182;208m&[38;2;174;183;210m&[38;2;174;183;210m&[38;2;174;183;210m&[38;2;174;183;210m&[38;2;172;180;206m&[38;2;192;200;230mX[38;2;70;72;82m=[38;2;28;31;37m.[38;2;112;125;146mx[38;2;95;107;124m*[38;2;98;109;127m*[38;2;109;121;140mx[38;2;43;48;58m-[38;2;64;68;69m=[38;2;188;201;204m&[38;2;169;181;186m$[38;2;12;10;4m [38;2;205;156;21m&[38;2;229;167;20mX[38;2;224;163;21mX[38;2;225;164;21mX[38;2;225;164;21mX[38;2;223;163;20mX[38;2;230;175;20mX[38;2;183;139;15m$[38;2;15;14;18m [38;2;43;52;56m-[38;2;5;15;20m [38;2;7;15;21m [38;2;4;14;19m [38;2;4;14;19m [38;2;6;14;19m [38;2;4;14;19m [38;2;8;16;20m [38;2;23;23;23m.[38;2;5;5;5m [38;2;0;0;0m [38;2;0;0;0m [38;2;0;0;0m [38;2;0;0;0m [38;2;0;0;0m [38;2;0;0;0m [38;2;0;0;0m [38;2;0;0;0m [38;2;0;0;0m [38;2;0;0;0m 
[38;2;0;0;0m [38;2;0;0;0m [38;2;0;0;0m [38;2;0;0;0m [38;2;1;1;1m [38;2;0;0;0m [38;2;11;11;11m [38;2;11;12;9m [38;2;55;56;63m-[38;2;144;151;174m$[38;2;187;194;224mX[38;2;179;188;216mX[38;2;172;180;206m&[38;2;172;181;208m&[38;2;174;183;210m&[38;2;174;183;210m&[38;2;174;183;210m&[38;2;174;183;210m&[38;2;174;183;210m&[38;2;174;183;210m&[38;2;172;181;208m&[38;2;182;192;220mX[38;2;144;151;174m$[38;2;5;4;6m [38;2;96;107;124m*[38;2;100;111;130mx[38;2;97;107;125m*[38;2;108;122;141mx[38;2;42;47;57m-[38;2;56;59;60m-[38;2;202;216;221mX[38;2;199;212;216mX[38;2;161;170;175m$[38;2;4;6;4m [38;2;22;73;45m=[38;2;22;80;50m=[38;2;22;78;49m=[38;2;22;78;49m=[38;2;22;78;49m=[38;2;22;78;49m=[38;2;24;81;51m=[38;2;19;67;42m=[38;2;4;0;0m [38;2;105;52;30m+[38;2;122;63;37m*[38;2;119;61;36m*[38;2;120;62;37m*[38;2;120;62;37m*[38;2;119;61;36m*[38;2;123;63;38m*[38;2;104;54;33m+[38;2;36;36;36m.[38;2;42;42;42m.[38;2;0;0;0m [38;2;2;2;2m [38;2;0;0;0m [38;2;0;0;0m [38;2;0;0;0m [38;2;0;0;0m [38;2;0;0;0m [38;2;0;0;0m [38;2;0;0;0m [38;2;0;0;0m 
[38;2;0;0;0m [38;2;0;0;0m [38;2;0;0;0m [38;2;0;0;0m [38;2;0;0;0m [38;2;18;17;17m [38;2;16;17;16m [38;2;96;100;115m*[38;2;182;192;220mX[38;2;182;191;219mX[38;2;172;180;206m&[38;2;173;182;209m&[38;2;174;183;210m&[38;2;174;183;210m&[38;2;174;183;210m&[38;2;174;183;210m&[38;2;174;183;210m&[38;2;174;183;210m&[38;2;174;183;210m&[38;2;174;183;210m&[38;2;172;180;206m&[38;2;191;200;229mX[38;2;57;58;67m=[38;2;41;46;54m-[38;2;111;123;143mx[38;2;95;106;123m*[38;2;105;118;137mx[38;2;71;79;93m+[38;2;14;16;15m [38;2;188;200;204m&[38;2;189;202;206m&[38;2;192;206;209m&[38;2;163;172;177m$[38;2;5;11;8m [38;2;24;154;108m#[38;2;23;169;117m#[38;2;23;164;114m#[38;2;23;165;115m#[38;2;23;165;115m#[38;2;23;164;114m#[38;2;24;171;119m$[38;2;21;141;98mx[38;2;12;2;1m [38;2;232;102;46mX[38;2;255;111;49m@[38;2;255;111;48m@[38;2;255;111;48m@[38;2;255;111;48m@[38;2;254;110;48m@[38;2;255;112;50m@[38;2;217;92;39mX[38;2;21;21;21m [38;2;43;43;43m-[38;2;0;0;0m [38;2;2;2;2m [38;2;0;0;0m [38;2;0;0;0m [38;2;0;0;0m [38;2;0;0;0m [38;2;0;0;0m [38;2;0;0;0m [38;2;0;0;0m [38;2;0;0;0m 
[38;2;0;0;0m [38;2;0;0;0m [38;2;1;1;1m [38;2;2;2;2m [38;2;25;25;25m.[38;2;19;19;19m [38;2;125;131;150m#[38;2;191;200;229mX[38;2;172;181;208m&[38;2;172;181;207m&[38;2;174;183;210m&[38;2;174;183;210m&[38;2;174;183;210m&[38;2;174;183;210m&[38;2;174;183;210m&[38;2;174;183;210m&[38;2;174;183;210m&[38;2;174;183;210m&[38;2;174;183;210m&[38;2;173;182;209m&[38;2;179;188;215mX[38;2;161;167;193m&[38;2;12;12;14m [38;2;90;100;116m*[38;2;102;113;131mx[38;2;98;109;127m*[38;2;106;118;136mx[38;2;6;7;10m [38;2;112;120;122m*[38;2;204;218;223mX[38;2;181;194;198m&[38;2;195;208;212m&[38;2;163;172;177m$[38;2;4;10;8m [38;2;26;142;97mx[38;2;26;156;106m#[38;2;26;151;102m#[38;2;26;152;103m#[38;2;26;152;103m#[38;2;26;151;102m#[38;2;27;157;106m#[38;2;21;130;91mx[38;2;11;2;1m [38;2;213;95;44mX[38;2;241;107;49m@[38;2;234;103;47m@[38;2;235;104;47m@[38;2;235;104;47m@[38;2;233;104;48mX[38;2;244;108;49m@[38;2;200;87;39m&[38;2;24;24;24m.[38;2;42;42;42m.[38;2;0;0;0m [38;2;2;2;2m [38;2;0;0;0m [38;2;0;0;0m [38;2;0;0;0m [38;2;0;0;0m [38;2;0;0;0m [38;2;0;0;0m [38;2;0;0;0m [38;2;0;0;0m 
[38;2;0;0;0m [38;2;1;1;1m [38;2;0;0;0m [38;2;21;21;21m [38;2;21;22;20m.[38;2;130;137;158m#[38;2;191;199;229mX[38;2;171;178;205m&[38;2;174;183;210m&[38;2;174;183;210m&[38;2;174;183;210m&[38;2;174;183;210m&[38;2;174;183;210m&[38;2;174;183;210m&[38;2;174;183;210m&[38;2;174;183;210m&[38;2;174;183;210m&[38;2;174;183;210m&[38;2;174;183;210m&[38;2;172;180;206m&[38;2;190;198;228mX[38;2;106;110;126m*[38;2;21;24;29m.[38;2;108;122;141mx[38;2;95;107;124m*[38;2;105;118;137mx[38;2;71;78;92m+[38;2;11;13;11m [38;2;185;197;201m&[38;2;189;202;206m&[38;2;186;198;202m&[38;2;195;208;212m&[38;2;163;172;177m$[38;2;5;11;9m [38;2;28;156;110m#[38;2;26;172;116m$[38;2;26;166;116m#[38;2;26;167;117m#[38;2;26;167;117m#[38;2;26;166;116m#[38;2;27;174;122m$[38;2;23;144;101mx[38;2;12;2;1m [38;2;235;104;47m@[38;2;255;120;53m@[38;2;255;113;52m@[38;2;255;113;52m@[38;2;255;113;52m@[38;2;255;113;52m@[38;2;255;115;55m@[38;2;221;96;43mX[38;2;26;26;26m.[38;2;46;46;46m-[38;2;0;0;0m [38;2;2;2;2m [38;2;0;0;0m [38;2;0;0;0m [38;2;0;0;0m [38;2;0;0;0m [38;2;0;0;0m [38;2;0;0;0m [38;2;0;0;0m [38;2;0;0;0m 
[38;2;1;1;1m [38;2;0;0;0m [38;2;17;17;18m [38;2;10;11;10m [38;2;108;113;131mx[38;2;192;202;231mX[38;2;169;178;204m&[38;2;174;183;210m&[38;2;174;183;210m&[38;2;174;183;210m&[38;2;174;183;210m&[38;2;174;183;210m&[38;2;174;183;210m&[38;2;174;183;210m&[38;2;174;183;210m&[38;2;174;183;210m&[38;2;174;183;210m&[38;2;174;183;210m&[38;2;174;183;210m&[38;2;172;180;206m&[38;2;191;200;229mX[38;2;57;58;67m=[38;2;50;56;66m=[38;2;108;121;141mx[38;2;95;106;123m*[38;2;110;122;142mx[38;2;28;30;38m.[38;2;64;67;68m=[38;2;204;218;223mX[38;2;184;196;200m&[38;2;186;198;202m&[38;2;195;208;212m&[38;2;163;173;177m$[38;2;2;6;5m [38;2;16;85;61m=[38;2;15;92;64m+[38;2;16;89;63m+[38;2;16;89;63m+[38;2;16;89;63m+[38;2;16;89;60m+[38;2;16;93;65m+[38;2;13;77;54m=[38;2;6;1;0m [38;2;122;55;26m*[38;2;138;63;30mx[38;2;135;61;30mx[38;2;136;61;29mx[38;2;136;61;29mx[38;2;135;61;30mx[38;2;139;63;31mx[38;2;115;52;24m*[38;2;13;13;13m [38;2;27;27;27m.[38;2;5;5;5m [38;2;6;6;6m [38;2;5;5;5m [38;2;5;5;5m [38;2;5;5;5m [38;2;5;5;5m [38;2;5;4;4m [38;2;11;12;11m [38;2;11;11;11m [38;2;0;0;0m 
[38;2;0;0;0m [38;2;4;4;4m [38;2;24;23;22m.[38;2;57;60;69m=[38;2;191;199;228mX[38;2;171;179;206m&[38;2;174;183;210m&[38;2;174;183;210m&[38;2;174;183;210m&[38;2;174;183;210m&[38;2;174;183;210m&[38;2;174;183;210m&[38;2;174;183;210m&[38;2;174;183;210m&[38;2;174;183;210m&[38;2;174;183;210m&[38;2;174;183;210m&[38;2;174;183;210m&[38;2;174;183;210m&[38;2;174;183;210m&[38;2;177;186;214mX[38;2;27;28;32m.[38;2;76;86;100m+[38;2;103;116;135mx[38;2;98;109;127m*[38;2;104;116;135mx[38;2;6;6;10m [38;2;116;123;126m*[38;2;202;216;220mX[38;2;185;197;200m&[38;2;186;198;202m&[38;2;196;208;212m&[38;2;161;173;177m$[38;2;11;4;4m [38;2;181;26;26m$[38;2;199;28;28m&[38;2;195;26;26m&[38;2;196;26;26m&[38;2;196;26;26m&[38;2;194;26;26m&[38;2;202;27;27m&[38;2;164;25;25m#[38;2;5;4;2m [38;2;145;62;31mx[38;2;164;70;36m#[38;2;158;67;34m#[38;2;159;68;34m#[38;2;159;68;34m#[38;2;157;67;35m#[38;2;164;70;36m#[38;2;139;61;33mx[38;2;1;2;4m [38;2;21;71;132mx[38;2;30;85;154m#[38;2;29;82;149m#[38;2;28;82;150m#[38;2;28;82;150m#[38;2;29;82;149m#[38;2;30;85;154m#[38;2;25;73;134mx[38;2;16;18;21m [38;2;23;24;22m.[38;2;0;0;0m 
[38;2;0;0;0m [38;2;20;20;20m [38;2;12;12;12m [38;2;146;153;176m$[38;2;182;191;219mX[38;2;172;181;208m&[38;2;174;183;210m&[38;2;174;183;210m&[38;2;174;183;210m&[38;2;174;183;210m&[38;2;174;183;210m&[38;2;174;183;210m&[38;2;174;183;210m&[38;2;174;183;210m&[38;2;174;183;210m&[38;2;174;183;210m&[38;2;174;183;210m&[38;2;174;183;210m&[38;2;173;182;209m&[38;2;178;187;215mX[38;2;163;170;196m&[38;2;16;18;21m [38;2;91;102;119m*[38;2;100;111;130mx[38;2;100;111;130mx[38;2;93;105;122m*[38;2;0;0;0m [38;2;150;160;163m#[38;2;198;211;215mX[38;2;186;198;202m&[38;2;186;198;202m&[38;2;196;208;212m&[38;2;161;173;177m$[38;2;15;6;5m [38;2;230;49;43mX[38;2;252;52;45m@[38;2;246;51;44m@[38;2;247;50;43m@[38;2;247;50;43m@[38;2;245;50;44m@[38;2;255;52;45m@[38;2;207;45;39m&[38;2;6;5;2m [38;2;201;86;44m&[38;2;227;96;48mX[38;2;219;93;48mX[38;2;220;94;48mX[38;2;220;94;48mX[38;2;218;93;47mX[38;2;228;97;49mX[38;2;193;83;43m&[38;2;4;5;8m [38;2;31;91;166m#[38;2;36;104;188m$[38;2;34;100;182m$[38;2;35;101;183m$[38;2;35;101;183m$[38;2;34;100;182m$[38;2;36;104;188m$[38;2;29;90;165m#[38;2;15;17;21m [38;2;21;22;20m.[38;2;0;0;0m 
[38;2;2;2;2m [38;2;20;21;20m [38;2;45;46;54m-[38;2;186;195;222mX[38;2;172;180;207m&[38;2;174;183;210m&[38;2;174;183;210m&[38;2;174;183;210m&[38;2;174;183;210m&[38;2;174;183;210m&[38;2;174;183;210m&[38;2;174;183;210m&[38;2;174;183;210m&[38;2;174;183;210m&[38;2;174;183;210m&[38;2;174;183;210m&[38;2;174;183;210m&[38;2;174;183;210m&[38;2;172;181;208m&[38;2;182;192;220mX[38;2;142;147;170m#[38;2;16;17;20m [38;2;101;113;131mx[38;2;98;109;127m*[38;2;102;114;133mx[38;2;86;97;113m*[38;2;8;8;8m [38;2;167;179;182m$[38;2;194;206;210m&[38;2;187;199;203m&[38;2;186;198;202m&[38;2;195;207;211m&[38;2;158;170;174m$[38;2;15;6;6m [38;2;220;45;39mX[38;2;242;48;41m@[38;2;236;47;40m@[38;2;237;47;40m@[38;2;237;47;40m@[38;2;235;47;40m@[38;2;247;48;41m@[38;2;198;42;37m&[38;2;6;5;2m [38;2;190;81;41m$[38;2;214;91;46mX[38;2;207;89;46m&[38;2;208;89;45m&[38;2;208;89;45m&[38;2;206;88;46m&[38;2;215;92;47mX[38;2;182;79;42m$[38;2;4;4;7m [38;2;29;87;159m#[38;2;36;100;181m$[38;2;34;97;175m$[38;2;36;99;178m$[38;2;35;99;179m$[38;2;36;99;177m$[38;2;37;102;183m$[38;2;30;89;161m#[38;2;15;17;21m [38;2;21;22;20m.[38;2;0;0;0m 
[38;2;10;10;11m [38;2;14;15;13m [38;2;86;89;103m+[38;2;190;199;228mX[38;2;172;180;206m&[38;2;174;183;210m&[38;2;174;183;210m&[38;2;174;183;210m&[38;2;174;183;210m&[38;2;174;183;210m&[38;2;174;183;210m&[38;2;174;183;210m&[38;2;174;183;210m&[38;2;174;183;210m&[38;2;174;183;210m&[38;2;174;183;210m&[38;2;174;183;210m&[38;2;174;183;210m&[38;2;172;181;207m&[38;2;187;194;224mX[38;2;129;134;154m#[38;2;14;15;19m [38;2;105;117;136mx[38;2;96;107;126m*[38;2;103;116;135mx[38;2;78;86;101m+[38;2;15;15;15m [38;2;181;194;198m&[38;2;190;203;207m&[38;2;186;198;202m&[38;2;183;194;198m&[38;2;198;210;214mX[38;2;171;185;189m$[38;2;11;2;1m [38;2;217;44;38mX[38;2;240;46;39m@[38;2;234;45;38m@[38;2;235;45;38m@[38;2;235;45;38m@[38;2;233;45;39mX[38;2;244;47;40m@[38;2;196;40;35m&[38;2;5;4;2m [38;2;190;80;40m$[38;2;214;91;46mX[38;2;207;88;44m&[38;2;208;88;44m&[38;2;208;88;44m&[38;2;206;88;45m&[38;2;215;91;46mX[38;2;182;78;40m$[38;2;2;3;6m [38;2;29;87;159m#[38;2;33;99;180m$[38;2;35;99;179m$[38;2;26;89;167m#[38;2;23;86;165m#[38;2;23;86;164m#[38;2;24;89;170m#[38;2;17;75;146mx[38;2;14;15;19m [38;2;21;22;20m.[38;2;0;0;0m 
[38;2;5;4;6m [38;2;0;0;0m [38;2;108;114;131mx[38;2;188;198;227mX[38;2;172;180;206m&[38;2;174;183;210m&[38;2;174;183;210m&[38;2;174;183;210m&[38;2;174;183;210m&[38;2;174;183;210m&[38;2;174;183;210m&[38;2;174;183;210m&[38;2;174;183;210m&[38;2;174;183;210m&[38;2;174;183;210m&[38;2;174;183;210m&[38;2;174;183;210m&[38;2;174;183;210m&[38;2;172;180;207m&[38;2;187;194;224mX[38;2;126;132;152m#[38;2;14;16;20m [38;2;105;118;137mx[38;2;96;107;126m*[38;2;104;116;135mx[38;2;76;85;101m+[38;2;17;17;18m [38;2;182;195;199m&[38;2;186;198;202m&[38;2;189;202;206m&[38;2;200;214;218mX[38;2;187;199;203m&[38;2;100;106;109m*[38;2;19;16;16m [38;2;50;24;23m-[38;2;51;22;22m-[38;2;50;22;21m-[38;2;51;22;22m-[38;2;51;22;22m-[38;2;50;22;21m-[38;2;51;22;22m-[38;2;45;21;21m-[38;2;17;16;16m [38;2;46;29;23m-[38;2;49;30;23m-[38;2;48;29;22m-[38;2;49;30;23m-[38;2;48;29;22m-[38;2;48;28;22m-[38;2;49;29;23m-[38;2;44;27;22m-[38;2;13;14;16m [38;2;20;30;42m.[38;2;25;34;47m-[38;2;0;9;20m [38;2;49;61;81m=[38;2;62;75;96m+[38;2;60;72;93m+[38;2;58;70;92m+[38;2;60;72;92m+[38;2;18;19;22m.[38;2;30;31;30m.[38;2;3;3;3m 
[38;2;6;6;7m [38;2;1;1;1m [38;2;106;112;128mx[38;2;188;198;227mX[38;2;172;180;206m&[38;2;174;183;210m&[38;2;174;183;210m&[38;2;174;183;210m&[38;2;174;183;210m&[38;2;174;183;210m&[38;2;174;183;210m&[38;2;174;183;210m&[38;2;174;183;210m&[38;2;174;183;210m&[38;2;174;183;210m&[38;2;174;183;210m&[38;2;174;183;210m&[38;2;174;183;210m&[38;2;172;180;207m&[38;2;187;194;224mX[38;2;127;133;153m#[38;2;14;16;20m [38;2;105;118;137mx[38;2;96;107;126m*[38;2;102;114;133mx[38;2;86;96;112m*[38;2;11;11;12m [38;2;178;190;194m&[38;2;206;220;224mX[38;2;178;191;195m&[38;2;110;117;120m*[38;2;30;32;34m.[38;2;0;0;0m [38;2;12;12;12m [38;2;0;2;3m [38;2;0;1;2m [38;2;0;1;2m [38;2;0;1;2m [38;2;0;1;2m [38;2;0;1;3m [38;2;0;1;2m [38;2;0;1;3m [38;2;3;3;3m [38;2;0;0;2m [38;2;0;0;2m [38;2;0;0;2m [38;2;0;0;2m [38;2;0;0;2m [38;2;0;0;2m [38;2;0;0;2m [38;2;0;0;0m [38;2;10;9;8m [38;2;8;4;1m [38;2;27;25;24m.[38;2;94;96;108m*[38;2;182;190;216mX[38;2;181;188;214mX[38;2;178;185;212m&[38;2;189;198;226mX[38;2;192;201;228mX[38;2;25;26;31m.[38;2;5;6;4m [38;2;5;5;5m 
[38;2;10;10;11m [38;2;16;17;15m [38;2;76;80;92m+[38;2;191;200;229mX[38;2;172;180;206m&[38;2;174;183;210m&[38;2;174;183;210m&[38;2;174;183;210m&[38;2;174;183;210m&[38;2;174;183;210m&[38;2;174;183;210m&[38;2;174;183;210m&[38;2;174;183;210m&[38;2;174;183;210m&[38;2;174;183;210m&[38;2;174;183;210m&[38;2;174;183;210m&[38;2;174;183;210m&[38;2;172;181;208m&[38;2;183;192;221mX[38;2;139;144;166m#[38;2;18;19;23m.[38;2;104;115;134mx[38;2;97;109;126m*[38;2;98;109;128mx[38;2;98;109;127m*[38;2;9;9;11m [38;2;132;141;143mx[38;2;113;120;123m*[38;2;32;32;34m.[38;2;0;0;0m [38;2;0;0;0m [38;2;2;2;3m [38;2;0;0;0m [38;2;0;0;0m [38;2;1;0;0m [38;2;1;0;0m [38;2;1;0;0m [38;2;1;0;0m [38;2;0;0;0m [38;2;0;0;0m [38;2;0;0;0m [38;2;0;0;0m [38;2;0;0;0m [38;2;3;1;0m [38;2;2;0;0m [38;2;7;5;2m [38;2;11;10;7m [38;2;20;18;17m [38;2;32;30;31m.[38;2;44;45;50m-[38;2;76;79;90m+[38;2;113;120;139mx[38;2;159;168;195m&[38;2;185;195;226mX[38;2;177;186;215mX[38;2;182;192;222mX[38;2;185;195;225mX[38;2;153;162;186m$[38;2;51;53;62m-[38;2;15;15;17m [38;2;11;11;11m [38;2;4;4;4m 
[38;2;1;1;1m [38;2;23;23;23m.[38;2;36;36;42m.[38;2;181;190;217mX[38;2;173;182;208m&[38;2;174;183;210m&[38;2;174;183;210m&[38;2;174;183;210m&[38;2;174;183;210m&[38;2;174;183;210m&[38;2;174;183;210m&[38;2;174;183;210m&[38;2;174;183;210m&[38;2;174;183;210m&[38;2;174;183;210m&[38;2;174;183;210m&[38;2;174;183;210m&[38;2;174;183;210m&[38;2;173;182;209m&[38;2;178;187;215mX[38;2;161;168;192m&[38;2;24;25;30m.[38;2;95;107;124m*[38;2;101;114;132mx[38;2;107;119;138mx[38;2;81;91;106m+[38;2;5;6;8m [38;2;6;6;6m [38;2;9;7;6m [38;2;7;8;6m [38;2;8;8;8m [38;2;8;9;8m [38;2;9;10;8m [38;2;11;12;11m [38;2;9;10;8m [38;2;6;7;6m [38;2;3;4;2m [38;2;14;13;13m [38;2;27;27;29m.[38;2;18;18;19m [38;2;21;21;23m.[38;2;39;39;42m.[38;2;43;44;49m-[38;2;55;57;64m=[38;2;67;70;79m=[38;2;80;84;96m+[38;2;99;104;119m*[38;2;118;124;142mx[38;2;139;146;168m#[38;2;159;168;194m&[38;2;180;189;219mX[38;2;192;203;235m@[38;2;196;207;240m@[38;2;187;197;229mX[38;2;174;183;212m&[38;2;158;166;191m$[38;2;124;131;151m#[38;2;83;87;101m+[38;2;59;61;70m=[38;2;125;130;149m#[38;2;46;49;57m-[38;2;21;22;20m.[38;2;5;4;6m 
[38;2;0;0;0m [38;2;19;19;19m [38;2;8;9;8m [38;2;130;135;156m#[38;2;187;194;224mX[38;2;172;180;206m&[38;2;174;183;210m&[38;2;174;183;210m&[38;2;174;183;210m&[38;2;174;183;210m&[38;2;174;183;210m&[38;2;174;183;210m&[38;2;174;183;210m&[38;2;174;183;210m&[38;2;174;183;210m&[38;2;174;183;210m&[38;2;174;183;210m&[38;2;174;183;210m&[38;2;174;183;210m&[38;2;176;184;211m&[38;2;173;182;209m&[38;2;28;29;34m.[38;2;95;106;124m*[38;2;95;107;124m*[38;2;54;59;69m=[38;2;65;69;80m=[38;2;137;143;165m#[38;2;155;163;189m$[38;2;148;156;180m$[38;2;145;154;177m$[38;2;143;151;174m$[38;2;142;148;171m$[38;2;139;147;169m#[38;2;139;147;169m#[38;2;142;149;172m$[38;2;144;152;175m$[38;2;146;154;179m$[38;2;149;156;181m$[38;2;155;163;189m$[38;2;166;174;201m&[38;2;168;177;206m&[38;2;177;187;215mX[38;2;183;193;223mX[38;2;190;200;231mX[38;2;194;204;236m@[38;2;196;207;239m@[38;2;195;205;238m@[38;2;191;200;231mX[38;2;181;190;220mX[38;2;166;175;202m&[38;2;146;154;179m$[38;2;126;133;154m#[38;2;107;112;129mx[38;2;91;95;110m*[38;2;79;83;96m+[38;2;79;83;96m+[38;2;99;103;118m*[38;2;127;134;153m#[38;2;179;188;216mX[38;2;157;164;190m$[38;2;10;10;10m [38;2;30;30;30m.[38;2;0;0;0m 
[38;2;1;1;1m [38;2;2;2;3m [38;2;29;30;28m.[38;2;37;39;45m-[38;2;182;192;220mX[38;2;173;182;209m&[38;2;173;182;209m&[38;2;174;183;210m&[38;2;174;183;210m&[38;2;174;183;210m&[38;2;174;183;210m&[38;2;174;183;210m&[38;2;174;183;210m&[38;2;174;183;210m&[38;2;174;183;210m&[38;2;174;183;210m&[38;2;174;183;210m&[38;2;174;183;210m&[38;2;174;183;210m&[38;2;172;180;207m&[38;2;187;196;225mX[38;2;54;56;65m=[38;2;22;25;30m.[38;2;18;19;22m.[38;2;88;93;105m+[38;2;149;157;182m$[38;2;158;166;192m&[38;2;158;166;192m&[38;2;163;173;199m&[38;2;168;176;204m&[38;2;171;180;208m&[38;2;172;182;210m&[38;2;172;183;211m&[38;2;172;183;211m&[38;2;172;182;210m&[38;2;171;180;208m&[38;2;168;176;204m&[38;2;163;172;198m&[38;2;158;166;192m&[38;2;152;160;184m$[38;2;146;153;176m$[38;2;135;143;165m#[38;2;126;133;154m#[38;2;115;120;140mx[38;2;105;111;128mx[38;2;95;100;115m*[38;2;86;90;104m+[38;2;81;84;97m+[38;2;78;82;95m+[38;2;81;84;97m+[38;2;90;93;108m*[38;2;104;108;124m*[38;2;118;124;142mx[38;2;135;142;162m#[38;2;149;158;182m$[38;2;159;170;195m&[38;2;160;171;196m&[38;2;148;159;181m$[38;2;182;192;220mX[38;2;46;48;56m-[38;2;19;17;16m [38;2;7;6;8m [38;2;0;0;0m 
[38;2;0;0;0m [38;2;0;0;0m [38;2;15;15;15m [38;2;12;13;11m [38;2;78;82;95m+[38;2;193;203;232mX[38;2;171;179;205m&[38;2;175;183;209m&[38;2;174;183;210m&[38;2;174;183;210m&[38;2;174;183;210m&[38;2;174;183;210m&[38;2;174;183;210m&[38;2;174;183;210m&[38;2;174;183;210m&[38;2;174;183;210m&[38;2;174;183;210m&[38;2;174;183;210m&[38;2;174;183;210m&[38;2;173;182;209m&[38;2;178;187;214mX[38;2;152;159;183m$[38;2;116;121;140mx[38;2;113;118;136mx[38;2;109;113;130mx[38;2;90;94;108m*[38;2;86;91;104m+[38;2;85;88;101m+[38;2;80;84;96m+[38;2;81;85;98m+[38;2;83;86;99m+[38;2;81;86;99m+[38;2;81;85;99m+[38;2;81;85;98m+[38;2;83;86;99m+[38;2;83;86;99m+[38;2;81;85;98m+[38;2;79;83;96m+[38;2;83;88;101m+[38;2;88;92;106m+[38;2;91;95;109m*[38;2;96;101;116m*[38;2;104;109;125m*[38;2;112;117;135mx[38;2;124;129;148mx[38;2;135;141;162m#[38;2;147;154;177m$[38;2;161;168;192m&[38;2;171;179;205m&[38;2;181;189;216mX[38;2;187;194;224mX[38;2;164;175;200m&[38;2;154;167;190m$[38;2;150;161;184m$[38;2;145;156;177m$[38;2;141;152;173m$[38;2;132;144;163m#[38;2;182;192;219mX[38;2;96;101;117m*[38;2;11;10;9m [38;2;18;18;18m [38;2;0;0;0m [38;2;1;1;1m 
[38;2;0;0;0m [38;2;0;0;0m [38;2;0;0;0m [38;2;15;15;15m [38;2;15;16;13m [38;2;96;101;116m*[38;2;192;201;231mX[38;2;172;180;207m&[38;2;173;181;208m&[38;2;174;183;210m&[38;2;174;183;210m&[38;2;174;183;210m&[38;2;174;183;210m&[38;2;174;183;210m&[38;2;174;183;210m&[38;2;174;183;210m&[38;2;174;183;210m&[38;2;174;183;210m&[38;2;174;183;210m&[38;2;174;183;210m&[38;2;173;182;209m&[38;2;179;188;216mX[38;2;187;196;224mX[38;2;186;195;224mX[38;2;186;194;223mX[38;2;187;194;224mX[38;2;184;193;222mX[38;2;183;192;221mX[38;2;182;191;219mX[38;2;181;190;217mX[38;2;178;187;215mX[38;2;178;187;214mX[38;2;177;186;214mX[38;2;177;186;214mX[38;2;178;187;214mX[38;2;178;187;215mX[38;2;181;190;217mX[38;2;182;191;219mX[38;2;183;192;221mX[38;2;185;194;223mX[38;2;187;194;224mX[38;2;187;195;225mX[38;2;187;197;226mX[38;2;187;195;225mX[38;2;186;195;224mX[38;2;183;192;221mX[38;2;182;190;218mX[38;2;177;186;214mX[38;2;177;185;212m&[38;2;176;183;210m&[38;2;149;160;183m$[38;2;138;150;170m#[38;2;141;153;174m$[38;2;144;155;176m$[38;2;142;153;175m$[38;2;137;149;169m#[38;2;178;189;216mX[38;2;113;119;137mx[38;2;13;14;13m [38;2;29;29;29m.[38;2;0;0;0m [38;2;1;1;1m [38;2;0;0;0m 
[38;2;0;0;0m [38;2;0;0;0m [38;2;1;1;1m [38;2;0;0;0m [38;2;18;18;18m [38;2;12;13;11m [38;2;89;93;107m*[38;2;187;194;224mX[38;2;178;187;215mX[38;2;171;179;206m&[38;2;174;183;210m&[38;2;174;183;210m&[38;2;174;183;210m&[38;2;174;183;210m&[38;2;174;183;210m&[38;2;174;183;210m&[38;2;174;183;210m&[38;2;174;183;210m&[38;2;174;183;210m&[38;2;174;183;210m&[38;2;174;183;210m&[38;2;173;182;209m&[38;2;172;181;207m&[38;2;172;180;207m&[38;2;172;180;207m&[38;2;172;180;207m&[38;2;172;181;207m&[38;2;172;181;208m&[38;2;172;181;208m&[38;2;173;182;208m&[38;2;173;182;209m&[38;2;173;182;209m&[38;2;173;182;209m&[38;2;173;182;209m&[38;2;173;182;209m&[38;2;173;182;209m&[38;2;173;182;209m&[38;2;172;181;208m&[38;2;172;181;208m&[38;2;172;181;207m&[38;2;172;180;207m&[38;2;172;180;207m&[38;2;172;180;207m&[38;2;172;181;207m&[38;2;172;181;208m&[38;2;172;181;208m&[38;2;172;182;208m&[38;2;177;185;212m&[38;2;172;182;208m&[38;2;149;161;183m$[38;2;141;153;173m$[38;2;145;156;177m$[38;2;145;156;177m$[38;2;138;149;171m$[38;2;145;156;177m$[38;2;177;188;215mX[38;2;104;109;126m*[38;2;8;9;8m [38;2;21;21;21m [38;2;0;0;1m [38;2;0;0;0m [38;2;0;0;0m [38;2;0;0;0m 
[38;2;0;0;0m [38;2;0;0;0m [38;2;0;0;0m [38;2;0;0;0m [38;2;0;0;0m [38;2;18;18;19m [38;2;11;10;9m [38;2;59;62;71m=[38;2;165;172;198m&[38;2;187;197;226mX[38;2;173;182;208m&[38;2;172;180;207m&[38;2;174;183;210m&[38;2;174;183;210m&[38;2;174;183;210m&[38;2;174;183;210m&[38;2;174;183;210m&[38;2;174;183;210m&[38;2;174;183;210m&[38;2;174;183;210m&[38;2;174;183;210m&[38;2;174;183;210m&[38;2;174;183;210m&[38;2;174;183;210m&[38;2;174;183;210m&[38;2;174;183;210m&[38;2;174;183;210m&[38;2;174;183;210m&[38;2;174;183;210m&[38;2;174;183;210m&[38;2;174;183;210m&[38;2;174;183;210m&[38;2;174;183;210m&[38;2;174;183;210m&[38;2;174;183;210m&[38;2;174;183;210m&[38;2;174;183;210m&[38;2;174;183;210m&[38;2;174;183;210m&[38;2;174;183;210m&[38;2;174;183;210m&[38;2;174;183;210m&[38;2;174;183;210m&[38;2;174;183;210m&[38;2;173;182;209m&[38;2;176;184;211m&[38;2;177;185;212m&[38;2;166;175;200m&[38;2;145;157;178m$[38;2;141;154;174m$[38;2;145;156;177m$[38;2;140;152;172m$[38;2;138;149;171m$[38;2;162;173;197m&[38;2;166;174;199m&[38;2;75;77;89m+[38;2;6;7;4m [38;2;13;13;13m [38;2;0;0;0m [38;2;0;0;0m [38;2;0;0;0m [38;2;0;0;0m [38;2;0;0;0m 
[38;2;0;0;0m [38;2;0;0;0m [38;2;0;0;0m [38;2;0;0;0m [38;2;1;1;1m [38;2;0;0;0m [38;2;6;6;7m [38;2;5;6;4m [38;2;28;29;32m.[38;2;112;118;135mx[38;2;181;190;218mX[38;2;185;194;223mX[38;2;174;183;210m&[38;2;172;180;207m&[38;2;173;182;209m&[38;2;174;183;210m&[38;2;174;183;210m&[38;2;174;183;210m&[38;2;174;183;210m&[38;2;174;183;210m&[38;2;174;183;210m&[38;2;174;183;210m&[38;2;174;183;210m&[38;2;174;183;210m&[38;2;174;183;210m&[38;2;174;183;210m&[38;2;174;183;210m&[38;2;174;183;210m&[38;2;174;183;210m&[38;2;174;183;210m&[38;2;174;183;210m&[38;2;174;183;210m&[38;2;174;183;210m&[38;2;174;183;210m&[38;2;174;183;210m&[38;2;174;183;210m&[38;2;174;183;210m&[38;2;174;183;210m&[38;2;174;183;210m&[38;2;174;183;210m&[38;2;174;183;210m&[38;2;173;183;209m&[38;2;174;183;210m&[38;2;176;184;211m&[38;2;177;185;213mX[38;2;171;179;205m&[38;2;154;164;187m$[38;2;141;154;174m$[38;2;142;153;175m$[38;2;140;152;172m$[38;2;140;151;172m$[38;2;155;167;191m$[38;2;169;179;205m&[38;2;123;129;149m#[38;2;37;37;42m.[38;2;8;7;5m [38;2;11;11;11m [38;2;0;0;0m [38;2;0;0;0m [38;2;0;0;0m [38;2;0;0;0m [38;2;0;0;0m [38;2;0;0;0m 
[38;2;0;0;0m [38;2;0;0;0m [38;2;0;0;0m [38;2;0;0;0m [38;2;0;0;0m [38;2;1;1;1m [38;2;0;0;0m [38;2;2;2;3m [38;2;4;5;4m [38;2;0;0;0m [38;2;43;44;51m-[38;2;126;133;152m#[38;2;176;185;212m&[38;2;187;194;224mX[38;2;177;186;214mX[38;2;172;181;207m&[38;2;172;180;207m&[38;2;173;182;209m&[38;2;174;183;210m&[38;2;174;183;210m&[38;2;174;183;210m&[38;2;174;183;210m&[38;2;174;183;210m&[38;2;174;183;210m&[38;2;174;183;210m&[38;2;174;183;210m&[38;2;174;183;210m&[38;2;174;183;210m&[38;2;174;183;210m&[38;2;174;183;210m&[38;2;174;183;210m&[38;2;174;183;210m&[38;2;174;183;210m&[38;2;174;183;210m&[38;2;174;183;210m&[38;2;174;183;210m&[38;2;174;183;210m&[38;2;174;183;210m&[38;2;173;183;209m&[38;2;174;183;210m&[38;2;176;184;211m&[38;2;177;185;212m&[38;2;177;185;212m&[38;2;169;178;205m&[38;2;155;166;189m$[38;2;142;153;175m$[38;2;138;150;170m#[38;2;140;151;171m$[38;2;145;156;178m$[38;2;159;170;195m&[38;2;167;177;203m&[38;2;131;138;158m#[38;2;58;60;67m=[38;2;11;10;9m [38;2;13;14;13m [38;2;3;2;4m [38;2;0;0;0m [38;2;0;0;0m [38;2;0;0;0m [38;2;0;0;0m [38;2;0;0;0m [38;2;0;0;0m [38;2;0;0;0m 
[38;2;0;0;0m [38;2;0;0;0m [38;2;0;0;0m [38;2;0;0;0m [38;2;0;0;0m [38;2;0;0;0m [38;2;0;0;0m [38;2;0;0;0m [38;2;0;0;0m [38;2;3;3;3m [38;2;0;0;0m [38;2;7;6;4m [38;2;52;53;59m-[38;2;109;114;130mx[38;2;162;168;194m&[38;2;183;192;221mX[38;2;185;194;223mX[38;2;178;187;215mX[38;2;173;182;209m&[38;2;172;180;207m&[38;2;172;181;207m&[38;2;173;182;208m&[38;2;173;182;209m&[38;2;174;183;210m&[38;2;174;183;210m&[38;2;174;183;210m&[38;2;174;183;210m&[38;2;174;183;210m&[38;2;174;183;210m&[38;2;174;183;210m&[38;2;174;183;210m&[38;2;174;183;210m&[38;2;174;183;210m&[38;2;174;183;210m&[38;2;174;183;210m&[38;2;174;183;210m&[38;2;174;183;211m&[38;2;177;185;212m&[38;2;177;186;213mX[38;2;177;185;212m&[38;2;172;181;207m&[38;2;162;171;196m&[38;2;149;159;181m$[38;2;138;150;170m#[38;2;137;149;169m#[38;2;146;157;179m$[38;2;158;169;192m&[38;2;167;176;202m&[38;2;157;165;190m$[38;2;118;122;140mx[38;2;54;56;64m=[38;2;18;19;18m [38;2;5;6;4m [38;2;4;4;5m [38;2;0;0;0m [38;2;0;0;0m [38;2;0;0;0m [38;2;0;0;0m [38;2;0;0;0m [38;2;0;0;0m [38;2;0;0;0m [38;2;0;0;0m [38;2;0;0;0m 
[38;2;0;0;0m [38;2;0;0;0m [38;2;0;0;0m [38;2;0;0;0m [38;2;0;0;0m [38;2;0;0;0m [38;2;0;0;0m [38;2;0;0;0m [38;2;0;0;0m [38;2;0;0;0m [38;2;1;1;1m [38;2;3;3;3m [38;2;5;4;3m [38;2;8;7;4m [38;2;30;29;32m.[38;2;73;75;85m=[38;2;120;126;144mx[38;2;158;166;190m$[38;2;177;187;215mX[38;2;185;194;223mX[38;2;183;192;221mX[38;2;180;189;217mX[38;2;177;185;212m&[38;2;173;182;209m&[38;2;172;181;208m&[38;2;172;180;207m&[38;2;172;180;207m&[38;2;172;180;207m&[38;2;172;181;207m&[38;2;172;181;208m&[38;2;172;181;208m&[38;2;172;181;208m&[38;2;173;182;208m&[38;2;173;182;209m&[38;2;173;182;209m&[38;2;172;181;208m&[38;2;169;178;205m&[38;2;164;174;199m&[38;2;158;167;191m$[38;2;149;159;182m$[38;2;145;156;177m$[38;2;146;158;180m$[38;2;154;166;189m$[38;2;163;175;200m&[38;2;167;176;202m&[38;2;154;162;187m$[38;2;125;131;150m#[38;2;80;83;95m+[38;2;33;33;36m.[38;2;10;9;8m [38;2;3;4;1m [38;2;4;4;4m [38;2;0;0;0m [38;2;0;0;0m [38;2;1;1;1m [38;2;0;0;0m [38;2;0;0;0m [38;2;0;0;0m [38;2;0;0;0m [38;2;0;0;0m [38;2;0;0;0m [38;2;0;0;0m [38;2;0;0;0m 
[38;2;0;0;0m [38;2;0;0;0m [38;2;0;0;0m [38;2;0;0;0m [38;2;0;0;0m [38;2;0;0;0m [38;2;0;0;0m [38;2;0;0;0m [38;2;0;0;0m [38;2;0;0;0m [38;2;0;0;0m [38;2;0;0;0m [38;2;0;0;0m [38;2;1;1;1m [38;2;0;1;0m [38;2;1;0;0m [38;2;6;7;4m [38;2;31;31;33m.[38;2;62;63;70m=[38;2;96;99;113m*[38;2;126;133;152m#[38;2;152;160;183m$[38;2;169;176;204m&[38;2;178;186;216mX[38;2;183;191;221mX[38;2;187;194;224mX[38;2;187;195;225mX[38;2;186;194;223mX[38;2;183;193;222mX[38;2;183;192;221mX[38;2;182;192;220mX[38;2;182;192;220mX[38;2;181;190;217mX[38;2;177;186;214mX[38;2;172;183;209m&[38;2;168;178;205m&[38;2;167;176;202m&[38;2;163;175;200m&[38;2;163;175;200m&[38;2;163;173;199m&[38;2;159;169;194m&[38;2;149;157;180m$[38;2;129;134;154m#[38;2;100;103;117m*[38;2;60;61;70m=[38;2;24;25;27m.[38;2;8;7;5m [38;2;2;1;0m [38;2;0;0;0m [38;2;1;1;1m [38;2;0;0;0m [38;2;0;0;0m [38;2;0;0;0m [38;2;0;0;0m [38;2;0;0;0m [38;2;0;0;0m [38;2;0;0;0m [38;2;0;0;0m [38;2;0;0;0m [38;2;0;0;0m [38;2;0;0;0m [38;2;0;0;0m [38;2;0;0;0m 
[38;2;0;0;0m [38;2;0;0;0m [38;2;0;0;0m [38;2;0;0;0m [38;2;0;0;0m [38;2;0;0;0m [38;2;0;0;0m [38;2;0;0;0m [38;2;0;0;0m [38;2;0;0;0m [38;2;0;0;0m [38;2;0;0;0m [38;2;0;0;0m [38;2;0;0;0m [38;2;0;0;0m [38;2;0;0;0m [38;2;1;1;1m [38;2;0;0;0m [38;2;1;0;0m [38;2;0;1;0m [38;2;7;8;5m [38;2;19;19;19m [38;2;35;35;39m.[38;2;58;58;65m=[38;2;78;81;91m+[38;2;91;95;108m*[38;2;104;109;125m*[38;2;119;124;142mx[38;2;129;135;154m#[38;2;131;138;158m#[38;2;138;144;164m#[38;2;139;146;166m#[38;2;136;142;163m#[38;2;129;135;154m#[38;2;126;132;151m#[38;2;121;126;143mx[38;2;106;110;126m*[38;2;99;102;115m*[38;2;79;82;93m+[38;2;62;63;70m=[38;2;44;44;48m-[38;2;27;27;27m.[38;2;6;7;4m [38;2;0;1;0m [38;2;0;0;0m [38;2;0;0;0m [38;2;0;0;1m [38;2;0;0;0m [38;2;0;0;0m [38;2;0;0;0m [38;2;0;0;0m [38;2;0;0;0m [38;2;0;0;0m [38;2;0;0;0m [38;2;0;0;0m [38;2;0;0;0m [38;2;0;0;0m [38;2;0;0;0m [38;2;0;0;0m [38;2;0;0;0m [38;2;0;0;0m [38;2;0;0;0m [38;2;0;0;0m 
[38;2;0;0;0m [38;2;0;0;0m [38;2;0;0;0m [38;2;0;0;0m [38;2;0;0;0m [38;2;0;0;0m [38;2;0;0;0m [38;2;0;0;0m [38;2;0;0;0m [38;2;0;0;0m [38;2;0;0;0m [38;2;0;0;0m [38;2;0;0;0m [38;2;0;0;0m [38;2;0;0;0m [38;2;0;0;0m [38;2;0;0;0m [38;2;0;0;0m [38;2;0;0;0m [38;2;0;0;1m [38;2;0;0;0m [38;2;0;0;0m [38;2;0;0;0m [38;2;0;0;0m [38;2;0;0;0m [38;2;0;0;0m [38;2;0;0;0m [38;2;9;8;6m [38;2;7;6;4m [38;2;3;4;2m [38;2;27;25;24m.[38;2;22;23;22m.[38;2;27;25;24m.[38;2;4;3;1m [38;2;3;4;1m [38;2;13;12;11m [38;2;0;0;0m [38;2;2;3;0m [38;2;0;0;0m [38;2;0;0;0m [38;2;0;0;0m [38;2;0;0;0m [38;2;0;0;0m [38;2;0;0;1m [38;2;1;1;1m [38;2;0;0;1m [38;2;1;1;1m [38;2;1;1;1m [38;2;0;0;0m [38;2;0;0;0m [38;2;0;0;0m [38;2;0;0;0m [38;2;0;0;0m [38;2;0;0;0m [38;2;0;0;0m [38;2;0;0;0m [38;2;0;0;0m [38;2;0;0;0m [38;2;0;0;0m [38;2;0;0;0m [38;2;0;0;0m [38;2;0;0;0m [38;2;0;0;0m [0m

                           [38;2;175;184;210m3D Slicer[0m
